  GAMMA = 0
  PMASS_TYPE = 'akima_spline'
  PRES_SCALE = 1
  AM_AUX_S = 0.0000000000e+00     4.0000000000e-04     1.6000000000e-03     3.6001188835e-03     6.3996829839e-03     1.0000000000e-02     1.4400475534e-02     1.9599722608e-02     2.5600317021e-02     3.2401069951e-02     4.0000000000e-02     4.8400871809e-02     5.7599524471e-02     6.7600515159e-02     7.8401664364e-02     9.0000000000e-02     1.0240126808e-01     1.1560269469e-01     1.2960071330e-01     1.4440225878e-01     1.6000000000e-01     1.7640166436e-01     1.9360348724e-01     2.1160091143e-01     2.3040285319e-01     2.5000000000e-01     2.7041236392e-01     2.9162567919e-01     3.1358446621e-01     3.3639770161e-01     3.6001188835e-01     3.8442702643e-01     4.0957971097e-01     4.3559476919e-01     4.6241077874e-01     4.9002773964e-01     5.1837432170e-01     5.4759120273e-01     5.7760903511e-01     6.0842781882e-01     6.3996829839e-01     6.7238700224e-01     7.0560665744e-01     7.3962726397e-01     7.7444882185e-01     8.0998216772e-01     8.4640364573e-01     8.8362607509e-01     9.2164945579e-01     9.6037669917e-01     1.0000000000e+00
  AM_AUX_F = 1281683.9492765027     1281382.7560109682     1279486.0917974305     1276238.5203114033     1271801.3246797693     1266049.0336437908     1259048.5938336835     1250741.0262596544     1241257.2883536713     1230403.2328373212     1218290.0927620532     1204964.4783460898     1190496.3335877166     1174737.7477991509     1157991.9108464057     1140129.8055494376     1121328.2494353598     1101492.8047659637     1080655.3471818399     1058711.108430279      1035445.8168529299     1010684.6538302917      984377.5910605101      956453.7514376289      926943.2273476014      895804.0321976221      863168.4279118752      829205.3560215544      793902.0792544633      757436.7775966806      719822.5709522269      681209.7390032768      641760.9533069631      601656.676005784       561037.5580207792      520021.0103484332      478660.0130767432      437054.7762178294      395404.5237534508      353661.6607419909      312152.1391184269      271139.1309827116      231082.8630053074      192546.6529877357      156184.0626714494      122709.5116345993       92769.1521813616       66857.9123048142       45187.6358626246       27690.8242250584       13556.8830935827
