  GAMMA = 0
  PMASS_TYPE = 'akima_spline'
  PRES_SCALE = 1
  AM_AUX_S = 0.0000000000e+00     4.0000000000e-04     1.6000000000e-03     3.5999220125e-03     6.4004159423e-03     1.0000000000e-02     1.4399376103e-02     1.9600363945e-02     2.5599584066e-02     3.2398596233e-02     4.0000000000e-02     4.8398856184e-02     5.7600623905e-02     6.7599324106e-02     7.8397816354e-02     9.0000000000e-02     1.0239833626e-01     1.1559646458e-01     1.2959906415e-01     1.4439703647e-01     1.6000000000e-01     1.7639781635e-01     1.9359542474e-01     2.1159880419e-01     2.3039625660e-01     2.4999350105e-01     2.7039729643e-01     2.9159438490e-01     3.1359854423e-01     3.3639547672e-01     3.5999220125e-01     3.8439677651e-01     4.0959334506e-01     4.3556397033e-01     4.6238585830e-01     4.9000909863e-01     5.1843369133e-01     5.4756345028e-01     5.7758814590e-01     6.0841419388e-01     6.4004159423e-01     6.7236376211e-01     7.0559126538e-01     7.3962012102e-01     7.7433594725e-01     8.0996490582e-01     8.4639521675e-01     8.8362688004e-01     9.2153511520e-01     9.6036688142e-01     1.0000000000e+00
  AM_AUX_F = 1379905.7044139756     1379039.8250352025     1373933.4564279034     1365281.249508751      1353409.5509954554     1338186.9269687156     1319818.7716664812     1298367.0343698296     1274022.9076230254     1246848.4302688204     1217070.6985083234     1184984.5870229693     1150743.4393373085     1114477.422850013      1076518.5540614626     1037040.1125402851      996337.0939322495      954623.3058252453      912159.6687723907      869248.0488732974      826431.2597263416      785117.3960559153      754222.4974505391      726638.8751332276      696829.23426267        665154.1544636263      631741.6544556828      596845.1396062163      560641.8221705973      523470.645035035       485686.7512544472      447725.3053487597      409972.734313628       372774.4357851493      336548.0852531611      301535.7836842686      267985.1591651347      236077.4739091926      205995.8057805244      177812.2175390545      151656.3626115979      127578.1768319859      105638.4138441654       85873.5325953694       68290.9221784357       52898.9619915798       39683.9588670147       28589.8064444321       19502.639878244        12254.4778848708        6610.1585241861
